580 173
581 187
583 200
585 212
589 224
596 234
605 244
613 253
625 257
637 255
648 247
659 238
669 228
675 215
678 201
679 186
680 171
585 173
591 168
599 168
607 170
615 174
632 174
641 171
650 170
659 170
667 173
624 183
624 192
624 201
624 211
614 212
619 215
624 217
630 215
635 212
596 180
601 178
607 178
612 183
606 183
600 182
638 183
643 179
649 179
655 182
650 183
644 183
603 219
611 220
618 221
624 223
630 222
639 221
650 220
640 231
630 235
624 235
618 234
610 230
606 220
618 223
624 224
630 223
647 221
630 230
624 231
618 229
