215 175
214 186
212 197
212 208
215 218
222 227
229 234
237 242
247 246
257 245
267 240
276 234
285 226
290 217
292 206
294 195
295 185
224 165
229 161
237 161
243 163
250 166
268 169
275 167
283 167
289 171
292 177
258 176
258 183
257 190
256 197
246 199
250 201
255 204
259 203
264 202
232 174
237 172
242 173
247 177
241 176
236 175
268 181
273 178
278 179
282 182
277 183
272 182
232 208
240 207
248 208
254 210
259 210
266 211
272 215
265 222
257 224
252 224
246 222
238 217
234 209
248 211
253 213
259 213
269 215
258 219
253 219
247 217
