372 204
374 214
377 224
381 234
386 243
393 251
401 258
409 264
419 264
429 261
438 254
445 247
450 237
452 226
451 214
450 202
448 191
374 196
378 192
384 191
391 192
397 194
410 192
417 188
424 186
432 184
439 187
405 199
406 207
407 215
407 223
402 226
406 227
410 228
414 226
418 224
383 202
386 198
392 198
397 202
392 203
387 204
417 199
421 193
427 192
432 195
428 198
423 199
396 237
401 235
406 235
412 235
417 233
425 232
433 232
427 242
420 246
414 248
409 248
402 245
398 238
407 237
412 237
418 235
430 233
419 241
413 243
408 243
