695 261
694 270
694 280
694 289
696 298
700 305
707 310
714 316
723 319
733 319
743 316
754 312
762 307
767 298
770 289
773 279
776 269
701 252
705 248
711 247
718 248
723 252
738 253
745 251
752 251
759 254
764 259
729 261
728 267
726 272
725 278
719 282
722 284
725 285
729 285
733 285
709 261
714 259
718 259
722 263
717 264
713 263
740 266
744 263
749 263
754 266
749 267
744 267
709 292
715 291
721 291
725 293
730 292
737 294
745 297
736 301
728 302
723 302
719 301
713 299
711 293
720 293
725 295
730 295
743 297
729 299
724 298
720 297
